re = 10000.000000
omg = 1.700000
alpha = 0.500000
dt = 0.050000
tend = 2000.000000
eps = 0.000010
tau = 0.500000
iter = 1000
imax = 100
jmax = 50
dt_value = 10.000000
gx = 2.000000
gy = 2.000000
pr = 7.000000
T_h = 0.500000
T_c = -0.500000
beta = 0.000630