size = 5 5
length = 1.000000 1.000000
velocity = 1.000000 0.000000
pressure = 0.000000
temperature = 0.000000