re = 1000.000000
omg = 1.700000
alpha = 0.900000
dt = 0.200000
tend = 16.400000
iter = 100
eps = 0.001000
tau = 0.500000
