re = 500.000000
omg = 1.700000
alpha = 0.900000
dt = 0.050000
tend = 20.000000
eps = 0.001000
tau = 0.500000
iter = 500
gx = 0.000000
gy = 1.000000
pr = 0.010000
beta = 0.00021
u_D = 1.000000
v_D = 0.000000
p_D = 0.000000
T_h = 0.000000
T_c = 0.000000
k = 100.00
