re = 5000.000000
omg = 1.700000
alpha = 0.500000
dt = 0.001000
tend = 20.000000
eps = 0.001000
tau = 0.500000
iter = 1000
gx = 0.000000
gy = -9.810000
pr = 0.010000
beta = 0.000630
u_D = 0.000000
v_D = 0.000000
p_D = 0.000000
T_h = 0.000000
T_c = 0.000000
k_s = 100.000000
