re = 10000.000000
omg = 1.700000
alpha = 0.900000
dt = 0.000000
tend = 20.000000
eps = 0.001000
tau = 0.500000
iter = 500
imax = 100
jmax = 20
dt_value = 2.000000
gx = 0.000000
gy = 0.000000
pr = 0.000000
T_h = 0.000000
T_c = 0.000000
beta = 0.000000