re = 10000.000000
omg = 1.700000
alpha = 0.500000
dt = 0.050000
tend = 2000.000000
eps = 0.001000
tau = 0.500000
iter = 100
gx = 0.000000
gy = -9.810000
pr = 7.000000
beta = 0.000630
u_D = 0.000000
v_D = 0.000000
p_D = 0.000000
T_h = 20.500000
T_c = -20.500000