re = 33.730000
omg = 1.700000
alpha = 0.500000
dt = 0.050000
tend = 45000.000000
eps = 0.000010
tau = 0.500000
iter = 100
gx = 0.000000
gy = -0.392400
pr = 12500.000000
beta = 0.001790
u_D = 0.000000
v_D = 0.000000
p_D = 0.000000
T_h = 294.780000
T_c = 291.200000