re = 20000.000000
omg = 1.700000
alpha = 0.500000
dt = 0.050000
tend = 10000.000000
eps = 0.000010
tau = 0.500000
iter = 100
gx = 0.000000
gy = -1.100000
pr = 7.000000
beta = 0.000210
u_D = 0.000000
v_D = 0.000000
p_D = 0.000000
T_h = 1.000000
T_c = 0.000000