re = 10000.000000
omg = 1.700000
alpha = 0.900000
dt = 0.050000
tend = 20.000000
iter = 500
eps = 0.001000
tau = 0.500000
