re = 33.730000
omg = 1.700000
alpha = 0.500000
dt = 0.050000
tend = 45000.000000
eps = 0.000010
tau = 0.500000
iter = 100
imax = 85
jmax = 18
dt_value = 100.000000
gx = 0.000000
gy = -0.392400
pr = 12500.000000
T_h = 1.7800000
T_c = -1.800000
beta = 0.001790