re = 1000.000000
omg = 1.700000
alpha = 0.800000
dt = 0.000000
tend = 40.000000
eps = 0.001000
tau = 0.500000
iter = 1000
gx = 0.000000
gy = -10.000000
pr = 0.000000
beta = 0.000000
u_D = 0.000000
v_D = -20.000000
p_D = 0.000000
T_h = 0.000000
T_c = 0.000000
